HighBP,HighChol,CholCheck,BMI,Smoker,Stroke,HeartDiseaseorAttack,PhysActivity,Fruits,Veggies,HvyAlcoholConsump,AnyHealthcare,NoDocbcCost,GenHlth,MentHlth,PhysHlth,DiffWalk,Sex,Age,Education,Income,Patient
0.0,0.0,1.0,30.0,0.0,0.0,0.0,1.0,0.0,0.0,0.0,1.0,0.0,3.0,0.0,0.0,0.0,0.0,9.0,4.0,7.0,1
0.0,1.0,1.0,21.0,1.0,0.0,0.0,1.0,1.0,1.0,0.0,1.0,0.0,5.0,0.0,30.0,1.0,0.0,9.0,6.0,2.0,2
1.0,0.0,1.0,30.0,1.0,0.0,0.0,0.0,0.0,1.0,1.0,1.0,0.0,3.0,20.0,0.0,0.0,0.0,5.0,4.0,8.0,3
1.0,0.0,1.0,20.0,0.0,0.0,0.0,1.0,1.0,1.0,0.0,1.0,0.0,1.0,0.0,0.0,0.0,0.0,12.0,5.0,8.0,4
0.0,0.0,0.0,24.0,1.0,0.0,0.0,0.0,1.0,1.0,0.0,1.0,0.0,2.0,0.0,0.0,0.0,1.0,6.0,6.0,6.0,5
0.0,0.0,1.0,24.0,1.0,0.0,0.0,1.0,0.0,1.0,0.0,1.0,0.0,3.0,2.0,0.0,0.0,1.0,5.0,6.0,8.0,6
0.0,0.0,1.0,24.0,0.0,0.0,0.0,1.0,1.0,1.0,0.0,1.0,0.0,1.0,0.0,0.0,0.0,1.0,9.0,6.0,4.0,7
0.0,0.0,1.0,29.0,0.0,0.0,0.0,1.0,0.0,1.0,0.0,1.0,0.0,2.0,0.0,0.0,0.0,1.0,11.0,4.0,6.0,8
0.0,0.0,1.0,29.0,0.0,0.0,0.0,1.0,0.0,1.0,0.0,1.0,0.0,2.0,0.0,0.0,0.0,1.0,7.0,6.0,8.0,9
1.0,0.0,1.0,18.0,1.0,0.0,0.0,1.0,1.0,1.0,0.0,1.0,0.0,3.0,0.0,2.0,0.0,0.0,12.0,5.0,8.0,10
0.0,0.0,1.0,27.0,0.0,0.0,0.0,0.0,1.0,1.0,0.0,1.0,0.0,3.0,0.0,0.0,1.0,1.0,10.0,6.0,5.0,11
0.0,0.0,1.0,26.0,0.0,0.0,0.0,0.0,0.0,0.0,0.0,1.0,0.0,3.0,0.0,0.0,0.0,1.0,4.0,6.0,6.0,12
1.0,0.0,1.0,27.0,0.0,0.0,0.0,1.0,1.0,1.0,0.0,1.0,0.0,1.0,0.0,0.0,0.0,0.0,7.0,6.0,8.0,13
1.0,1.0,1.0,40.0,1.0,0.0,0.0,1.0,1.0,1.0,0.0,1.0,0.0,3.0,3.0,0.0,0.0,0.0,11.0,5.0,5.0,14
1.0,1.0,1.0,26.0,0.0,0.0,0.0,1.0,0.0,1.0,0.0,1.0,0.0,2.0,0.0,0.0,0.0,1.0,8.0,6.0,8.0,15
0.0,1.0,1.0,20.0,0.0,0.0,0.0,1.0,1.0,1.0,0.0,1.0,0.0,2.0,0.0,0.0,0.0,0.0,10.0,5.0,5.0,16
0.0,1.0,1.0,34.0,1.0,0.0,0.0,1.0,1.0,1.0,0.0,1.0,0.0,3.0,26.0,0.0,0.0,1.0,6.0,6.0,6.0,17
1.0,0.0,1.0,24.0,0.0,0.0,0.0,1.0,1.0,1.0,0.0,1.0,0.0,3.0,0.0,2.0,0.0,0.0,13.0,5.0,6.0,18
0.0,0.0,0.0,26.0,0.0,0.0,0.0,1.0,0.0,0.0,0.0,1.0,0.0,3.0,0.0,0.0,0.0,1.0,7.0,6.0,8.0,19
1.0,1.0,1.0,34.0,0.0,0.0,1.0,1.0,0.0,0.0,0.0,1.0,0.0,3.0,0.0,0.0,0.0,1.0,10.0,6.0,6.0,20
0.0,1.0,1.0,31.0,0.0,0.0,0.0,1.0,1.0,1.0,0.0,1.0,0.0,3.0,0.0,0.0,0.0,0.0,6.0,6.0,8.0,21
0.0,1.0,1.0,24.0,0.0,0.0,1.0,1.0,1.0,1.0,0.0,1.0,1.0,5.0,0.0,20.0,1.0,0.0,13.0,6.0,6.0,22
1.0,1.0,1.0,31.0,1.0,0.0,0.0,0.0,0.0,1.0,0.0,1.0,0.0,4.0,0.0,8.0,0.0,0.0,13.0,4.0,1.0,23
1.0,1.0,1.0,49.0,1.0,0.0,1.0,0.0,0.0,1.0,0.0,1.0,0.0,4.0,4.0,15.0,1.0,0.0,11.0,4.0,7.0,24
0.0,0.0,1.0,18.0,1.0,1.0,1.0,1.0,1.0,1.0,0.0,1.0,0.0,3.0,3.0,0.0,0.0,0.0,10.0,4.0,2.0,25
0.0,0.0,1.0,26.0,0.0,0.0,0.0,1.0,1.0,1.0,0.0,1.0,0.0,2.0,1.0,0.0,0.0,0.0,2.0,6.0,8.0,26
1.0,0.0,1.0,33.0,0.0,0.0,0.0,1.0,0.0,0.0,0.0,1.0,0.0,5.0,0.0,30.0,1.0,1.0,7.0,5.0,3.0,27
0.0,0.0,1.0,34.0,0.0,0.0,0.0,1.0,0.0,1.0,0.0,1.0,1.0,4.0,0.0,7.0,0.0,0.0,4.0,4.0,5.0,28
0.0,0.0,1.0,29.0,1.0,0.0,0.0,1.0,0.0,1.0,0.0,1.0,0.0,1.0,0.0,0.0,0.0,1.0,4.0,4.0,8.0,29
1.0,1.0,1.0,33.0,0.0,0.0,0.0,1.0,0.0,1.0,0.0,1.0,1.0,3.0,0.0,1.0,0.0,1.0,8.0,5.0,4.0,30
0.0,0.0,1.0,29.0,0.0,0.0,0.0,1.0,1.0,1.0,0.0,1.0,0.0,2.0,1.0,1.0,0.0,0.0,6.0,6.0,8.0,31
1.0,1.0,1.0,51.0,1.0,0.0,1.0,0.0,1.0,1.0,0.0,1.0,0.0,3.0,0.0,15.0,1.0,0.0,7.0,5.0,8.0,32
1.0,1.0,1.0,53.0,0.0,0.0,1.0,1.0,1.0,1.0,0.0,0.0,1.0,4.0,15.0,10.0,1.0,0.0,9.0,5.0,1.0,33
0.0,0.0,1.0,21.0,1.0,0.0,0.0,1.0,0.0,1.0,1.0,1.0,0.0,3.0,10.0,3.0,0.0,0.0,3.0,5.0,1.0,34
0.0,0.0,1.0,22.0,0.0,0.0,0.0,1.0,1.0,1.0,0.0,1.0,0.0,2.0,0.0,2.0,0.0,0.0,5.0,6.0,8.0,35
1.0,1.0,1.0,33.0,1.0,0.0,1.0,0.0,0.0,0.0,0.0,0.0,1.0,4.0,0.0,15.0,1.0,1.0,6.0,4.0,2.0,36
1.0,0.0,1.0,27.0,0.0,0.0,0.0,0.0,0.0,0.0,0.0,1.0,0.0,3.0,0.0,0.0,0.0,1.0,9.0,5.0,7.0,37
1.0,1.0,1.0,24.0,1.0,0.0,1.0,0.0,0.0,0.0,0.0,1.0,0.0,5.0,30.0,30.0,1.0,1.0,12.0,6.0,8.0,38
0.0,0.0,1.0,35.0,1.0,0.0,0.0,1.0,1.0,1.0,0.0,1.0,0.0,3.0,5.0,5.0,0.0,1.0,5.0,6.0,8.0,39
1.0,0.0,1.0,28.0,0.0,0.0,0.0,0.0,0.0,1.0,0.0,1.0,0.0,4.0,8.0,1.0,0.0,0.0,13.0,4.0,2.0,40
1.0,0.0,1.0,25.0,1.0,0.0,0.0,1.0,1.0,1.0,0.0,1.0,1.0,4.0,14.0,0.0,0.0,0.0,13.0,3.0,5.0,41
0.0,0.0,1.0,27.0,0.0,0.0,0.0,1.0,0.0,1.0,0.0,1.0,0.0,2.0,0.0,0.0,0.0,1.0,8.0,4.0,8.0,42
0.0,1.0,1.0,26.0,1.0,0.0,0.0,1.0,0.0,1.0,0.0,1.0,0.0,2.0,0.0,0.0,0.0,0.0,9.0,5.0,4.0,43
0.0,0.0,1.0,53.0,0.0,0.0,0.0,1.0,1.0,1.0,0.0,1.0,0.0,2.0,1.0,0.0,0.0,0.0,9.0,4.0,5.0,44
1.0,0.0,1.0,24.0,1.0,0.0,0.0,1.0,1.0,1.0,0.0,1.0,0.0,2.0,0.0,0.0,0.0,0.0,9.0,4.0,4.0,45
1.0,0.0,1.0,27.0,0.0,0.0,0.0,1.0,0.0,1.0,0.0,1.0,0.0,2.0,0.0,3.0,0.0,1.0,2.0,5.0,3.0,46
1.0,0.0,1.0,26.0,0.0,0.0,0.0,0.0,0.0,1.0,0.0,1.0,0.0,3.0,5.0,15.0,0.0,0.0,9.0,6.0,8.0,47
1.0,1.0,1.0,28.0,0.0,0.0,0.0,1.0,0.0,1.0,0.0,1.0,0.0,2.0,0.0,0.0,0.0,1.0,6.0,6.0,8.0,48
0.0,1.0,1.0,26.0,0.0,0.0,0.0,1.0,1.0,1.0,0.0,1.0,0.0,2.0,0.0,0.0,0.0,0.0,12.0,6.0,7.0,49
1.0,1.0,1.0,28.0,0.0,0.0,0.0,1.0,0.0,0.0,0.0,1.0,0.0,3.0,10.0,10.0,0.0,0.0,9.0,4.0,6.0,50
1.0,1.0,1.0,29.0,1.0,0.0,0.0,1.0,1.0,0.0,1.0,1.0,0.0,4.0,10.0,4.0,0.0,1.0,12.0,5.0,5.0,51
0.0,0.0,1.0,20.0,1.0,0.0,0.0,1.0,1.0,1.0,1.0,1.0,0.0,2.0,0.0,0.0,0.0,0.0,2.0,6.0,2.0,52
1.0,1.0,1.0,29.0,1.0,0.0,1.0,0.0,1.0,0.0,0.0,1.0,0.0,5.0,0.0,15.0,0.0,1.0,13.0,4.0,4.0,53
1.0,0.0,1.0,25.0,1.0,0.0,0.0,1.0,0.0,1.0,0.0,1.0,0.0,1.0,0.0,0.0,0.0,0.0,10.0,6.0,7.0,54
0.0,1.0,1.0,35.0,1.0,0.0,0.0,1.0,0.0,1.0,0.0,0.0,1.0,5.0,4.0,2.0,0.0,0.0,8.0,5.0,2.0,55
1.0,1.0,1.0,39.0,0.0,0.0,0.0,0.0,0.0,1.0,0.0,1.0,0.0,4.0,0.0,30.0,1.0,0.0,13.0,3.0,2.0,56
0.0,1.0,1.0,38.0,0.0,0.0,0.0,1.0,0.0,1.0,0.0,1.0,0.0,2.0,0.0,15.0,0.0,1.0,12.0,6.0,8.0,57
1.0,1.0,1.0,23.0,1.0,0.0,0.0,1.0,0.0,1.0,0.0,1.0,0.0,3.0,0.0,2.0,0.0,1.0,8.0,6.0,8.0,58
0.0,0.0,1.0,24.0,0.0,0.0,0.0,1.0,1.0,1.0,0.0,1.0,1.0,3.0,0.0,0.0,0.0,0.0,12.0,4.0,3.0,59
0.0,1.0,1.0,30.0,0.0,0.0,1.0,0.0,1.0,1.0,0.0,1.0,1.0,3.0,0.0,0.0,0.0,1.0,10.0,4.0,6.0,60
1.0,1.0,1.0,31.0,1.0,0.0,0.0,0.0,0.0,1.0,0.0,1.0,0.0,4.0,20.0,30.0,1.0,0.0,11.0,4.0,5.0,61
1.0,1.0,1.0,39.0,1.0,0.0,0.0,1.0,1.0,1.0,0.0,1.0,1.0,2.0,10.0,30.0,1.0,0.0,4.0,5.0,7.0,62
0.0,0.0,1.0,23.0,0.0,0.0,0.0,1.0,1.0,1.0,0.0,1.0,0.0,2.0,0.0,0.0,0.0,0.0,8.0,6.0,8.0,63
0.0,0.0,0.0,28.0,0.0,0.0,0.0,1.0,1.0,1.0,0.0,1.0,0.0,1.0,0.0,0.0,0.0,1.0,3.0,6.0,7.0,64
1.0,0.0,1.0,28.0,0.0,0.0,1.0,1.0,0.0,1.0,0.0,1.0,0.0,2.0,0.0,0.0,1.0,0.0,13.0,2.0,4.0,65
1.0,0.0,1.0,19.0,0.0,0.0,0.0,1.0,1.0,1.0,0.0,1.0,0.0,2.0,0.0,0.0,0.0,0.0,13.0,5.0,6.0,66
0.0,1.0,1.0,30.0,1.0,0.0,0.0,0.0,1.0,1.0,1.0,1.0,0.0,4.0,0.0,0.0,1.0,0.0,12.0,3.0,6.0,67
0.0,1.0,1.0,33.0,0.0,1.0,0.0,1.0,1.0,1.0,0.0,1.0,0.0,1.0,2.0,0.0,0.0,0.0,9.0,6.0,7.0,68
0.0,0.0,1.0,29.0,0.0,0.0,0.0,1.0,1.0,1.0,1.0,1.0,0.0,1.0,3.0,5.0,1.0,0.0,5.0,6.0,8.0,69
1.0,1.0,1.0,23.0,1.0,1.0,1.0,0.0,0.0,1.0,0.0,1.0,0.0,5.0,30.0,30.0,1.0,1.0,10.0,2.0,3.0,70
1.0,0.0,1.0,29.0,1.0,0.0,0.0,0.0,1.0,1.0,0.0,1.0,1.0,4.0,15.0,25.0,1.0,1.0,10.0,3.0,4.0,71
1.0,0.0,1.0,23.0,1.0,0.0,1.0,0.0,0.0,1.0,1.0,1.0,1.0,5.0,15.0,30.0,1.0,1.0,10.0,2.0,4.0,72
0.0,0.0,1.0,30.0,0.0,0.0,0.0,1.0,1.0,0.0,0.0,1.0,0.0,4.0,0.0,0.0,0.0,0.0,7.0,4.0,5.0,73
1.0,1.0,1.0,31.0,0.0,0.0,0.0,0.0,0.0,0.0,0.0,0.0,1.0,4.0,0.0,0.0,1.0,1.0,7.0,2.0,4.0,74
1.0,0.0,1.0,25.0,0.0,0.0,0.0,1.0,1.0,1.0,0.0,1.0,0.0,1.0,0.0,3.0,0.0,1.0,10.0,6.0,8.0,75
0.0,0.0,1.0,24.0,1.0,0.0,0.0,0.0,0.0,1.0,0.0,1.0,0.0,2.0,30.0,0.0,0.0,0.0,5.0,4.0,7.0,76
0.0,0.0,1.0,20.0,0.0,0.0,0.0,1.0,1.0,1.0,0.0,1.0,0.0,1.0,0.0,2.0,0.0,0.0,7.0,6.0,7.0,77
0.0,1.0,1.0,29.0,1.0,0.0,0.0,1.0,1.0,1.0,0.0,1.0,0.0,1.0,0.0,0.0,0.0,1.0,10.0,6.0,8.0,78
0.0,1.0,1.0,24.0,0.0,0.0,0.0,1.0,1.0,1.0,0.0,1.0,0.0,1.0,0.0,0.0,0.0,0.0,9.0,6.0,8.0,79
1.0,1.0,1.0,29.0,1.0,0.0,0.0,1.0,1.0,0.0,0.0,1.0,0.0,2.0,0.0,0.0,0.0,0.0,11.0,6.0,7.0,80
1.0,1.0,1.0,24.0,1.0,0.0,0.0,1.0,1.0,1.0,0.0,1.0,0.0,2.0,0.0,30.0,0.0,1.0,11.0,5.0,6.0,81
0.0,0.0,1.0,24.0,1.0,0.0,0.0,1.0,1.0,1.0,0.0,1.0,0.0,2.0,3.0,14.0,0.0,0.0,5.0,3.0,4.0,82
0.0,0.0,1.0,20.0,0.0,0.0,0.0,0.0,0.0,0.0,0.0,1.0,0.0,4.0,7.0,7.0,0.0,0.0,5.0,6.0,7.0,83
0.0,0.0,1.0,22.0,1.0,0.0,0.0,1.0,1.0,1.0,0.0,1.0,0.0,2.0,0.0,3.0,0.0,0.0,9.0,4.0,8.0,84
1.0,0.0,1.0,31.0,1.0,0.0,0.0,1.0,1.0,1.0,0.0,1.0,0.0,3.0,0.0,0.0,0.0,0.0,12.0,6.0,3.0,85
1.0,1.0,1.0,32.0,0.0,0.0,0.0,1.0,1.0,1.0,0.0,1.0,0.0,2.0,0.0,1.0,0.0,0.0,11.0,5.0,8.0,86
0.0,0.0,1.0,30.0,0.0,0.0,0.0,1.0,1.0,1.0,0.0,1.0,0.0,2.0,0.0,0.0,0.0,0.0,6.0,5.0,8.0,87
1.0,1.0,1.0,30.0,0.0,0.0,0.0,1.0,1.0,1.0,0.0,1.0,0.0,2.0,0.0,0.0,0.0,1.0,6.0,6.0,8.0,88
0.0,0.0,1.0,25.0,1.0,0.0,0.0,1.0,0.0,1.0,0.0,1.0,0.0,1.0,0.0,0.0,0.0,0.0,8.0,6.0,8.0,89
0.0,0.0,1.0,43.0,0.0,0.0,0.0,1.0,1.0,1.0,0.0,1.0,0.0,4.0,1.0,1.0,0.0,1.0,9.0,6.0,4.0,90
0.0,0.0,1.0,22.0,0.0,0.0,0.0,1.0,0.0,1.0,0.0,1.0,0.0,3.0,0.0,0.0,0.0,0.0,5.0,4.0,8.0,91
0.0,0.0,1.0,20.0,0.0,0.0,0.0,1.0,0.0,1.0,0.0,1.0,0.0,1.0,4.0,0.0,0.0,1.0,1.0,4.0,8.0,92
1.0,1.0,1.0,27.0,1.0,0.0,1.0,1.0,1.0,1.0,0.0,1.0,0.0,2.0,2.0,0.0,0.0,0.0,11.0,6.0,7.0,93
0.0,0.0,1.0,26.0,1.0,0.0,0.0,1.0,1.0,1.0,0.0,1.0,0.0,1.0,0.0,0.0,0.0,0.0,10.0,5.0,7.0,94
1.0,1.0,1.0,25.0,0.0,0.0,0.0,1.0,1.0,0.0,0.0,1.0,0.0,5.0,7.0,7.0,1.0,0.0,9.0,4.0,1.0,95
1.0,1.0,0.0,28.0,1.0,0.0,0.0,1.0,0.0,1.0,0.0,1.0,0.0,2.0,3.0,0.0,0.0,1.0,5.0,6.0,2.0,96
0.0,1.0,1.0,23.0,1.0,0.0,0.0,1.0,1.0,1.0,0.0,1.0,0.0,1.0,0.0,0.0,0.0,0.0,5.0,6.0,6.0,97
0.0,0.0,0.0,24.0,0.0,0.0,0.0,1.0,1.0,1.0,0.0,1.0,0.0,2.0,12.0,4.0,0.0,0.0,4.0,5.0,6.0,98
0.0,1.0,1.0,27.0,0.0,0.0,0.0,1.0,0.0,1.0,0.0,1.0,0.0,1.0,0.0,0.0,0.0,1.0,7.0,6.0,8.0,99
0.0,1.0,1.0,29.0,1.0,0.0,0.0,0.0,0.0,0.0,0.0,1.0,0.0,5.0,0.0,30.0,1.0,0.0,8.0,6.0,8.0,100
0.0,1.0,1.0,23.0,0.0,0.0,0.0,1.0,0.0,0.0,0.0,1.0,0.0,4.0,3.0,0.0,0.0,1.0,11.0,4.0,6.0,101
0.0,0.0,1.0,30.0,1.0,0.0,0.0,1.0,1.0,1.0,0.0,1.0,0.0,3.0,5.0,0.0,0.0,1.0,4.0,6.0,5.0,102
1.0,1.0,1.0,35.0,0.0,0.0,1.0,1.0,0.0,1.0,0.0,1.0,0.0,3.0,0.0,0.0,0.0,1.0,4.0,6.0,8.0,103
0.0,0.0,1.0,24.0,1.0,0.0,0.0,1.0,1.0,0.0,0.0,1.0,0.0,5.0,0.0,30.0,0.0,0.0,7.0,6.0,8.0,104
0.0,1.0,1.0,26.0,0.0,0.0,0.0,0.0,1.0,1.0,0.0,1.0,0.0,1.0,0.0,0.0,0.0,1.0,6.0,6.0,8.0,105
0.0,0.0,1.0,25.0,1.0,0.0,0.0,0.0,0.0,1.0,0.0,1.0,0.0,3.0,3.0,0.0,0.0,1.0,6.0,4.0,4.0,106
1.0,0.0,1.0,26.0,0.0,0.0,0.0,1.0,1.0,1.0,0.0,1.0,0.0,1.0,0.0,0.0,0.0,0.0,11.0,6.0,8.0,107
0.0,0.0,1.0,27.0,0.0,0.0,0.0,0.0,0.0,1.0,0.0,1.0,0.0,3.0,0.0,0.0,0.0,0.0,7.0,6.0,8.0,108
0.0,0.0,1.0,24.0,0.0,0.0,0.0,1.0,1.0,1.0,0.0,1.0,1.0,4.0,30.0,30.0,0.0,0.0,11.0,5.0,2.0,109
1.0,1.0,1.0,29.0,1.0,0.0,1.0,1.0,1.0,1.0,0.0,1.0,0.0,2.0,0.0,0.0,0.0,1.0,10.0,6.0,7.0,110
1.0,1.0,1.0,25.0,1.0,0.0,0.0,0.0,1.0,1.0,0.0,1.0,0.0,2.0,0.0,0.0,0.0,1.0,13.0,4.0,6.0,111
0.0,1.0,1.0,26.0,0.0,0.0,0.0,1.0,1.0,0.0,0.0,1.0,0.0,1.0,1.0,14.0,0.0,1.0,7.0,6.0,7.0,112
1.0,1.0,1.0,30.0,1.0,0.0,0.0,0.0,1.0,1.0,0.0,1.0,0.0,4.0,0.0,0.0,0.0,1.0,13.0,6.0,8.0,113
0.0,0.0,1.0,26.0,0.0,0.0,0.0,1.0,1.0,0.0,1.0,1.0,1.0,3.0,0.0,0.0,0.0,1.0,9.0,5.0,5.0,114
1.0,0.0,1.0,35.0,0.0,0.0,0.0,1.0,1.0,1.0,0.0,1.0,0.0,3.0,0.0,10.0,0.0,0.0,5.0,5.0,4.0,115
0.0,0.0,1.0,27.0,0.0,0.0,0.0,1.0,1.0,1.0,0.0,1.0,0.0,2.0,0.0,0.0,0.0,1.0,9.0,6.0,7.0,116
0.0,0.0,1.0,23.0,1.0,0.0,0.0,1.0,1.0,1.0,0.0,1.0,0.0,3.0,0.0,0.0,0.0,0.0,11.0,6.0,8.0,117
0.0,0.0,1.0,31.0,0.0,0.0,0.0,1.0,0.0,1.0,0.0,1.0,0.0,2.0,0.0,1.0,0.0,0.0,8.0,6.0,8.0,118
0.0,0.0,1.0,26.0,0.0,0.0,0.0,1.0,0.0,1.0,0.0,1.0,0.0,1.0,3.0,2.0,0.0,1.0,1.0,6.0,7.0,119
0.0,0.0,0.0,31.0,0.0,0.0,0.0,1.0,1.0,0.0,0.0,1.0,0.0,3.0,0.0,0.0,0.0,1.0,2.0,5.0,5.0,120
1.0,0.0,1.0,27.0,0.0,0.0,0.0,0.0,0.0,1.0,0.0,1.0,0.0,2.0,0.0,0.0,0.0,0.0,13.0,4.0,3.0,121
1.0,1.0,1.0,30.0,1.0,1.0,1.0,0.0,1.0,1.0,0.0,1.0,0.0,4.0,0.0,30.0,1.0,0.0,11.0,4.0,4.0,122
0.0,0.0,1.0,27.0,0.0,0.0,0.0,1.0,1.0,1.0,0.0,1.0,0.0,2.0,30.0,0.0,0.0,0.0,3.0,6.0,7.0,123
0.0,1.0,1.0,21.0,1.0,0.0,0.0,1.0,1.0,1.0,0.0,1.0,0.0,2.0,0.0,0.0,0.0,0.0,13.0,2.0,4.0,124
0.0,0.0,1.0,32.0,0.0,0.0,0.0,1.0,0.0,1.0,0.0,1.0,0.0,2.0,0.0,0.0,0.0,0.0,6.0,5.0,7.0,125
1.0,1.0,1.0,25.0,0.0,0.0,0.0,1.0,1.0,1.0,0.0,1.0,0.0,2.0,0.0,3.0,0.0,0.0,13.0,5.0,6.0,126
1.0,0.0,1.0,27.0,0.0,0.0,0.0,1.0,0.0,1.0,0.0,1.0,0.0,3.0,0.0,0.0,0.0,0.0,9.0,6.0,8.0,127
0.0,1.0,1.0,30.0,0.0,0.0,0.0,1.0,1.0,1.0,0.0,1.0,0.0,3.0,5.0,5.0,1.0,0.0,11.0,6.0,5.0,128
0.0,0.0,1.0,35.0,0.0,0.0,0.0,0.0,0.0,0.0,0.0,0.0,1.0,3.0,0.0,2.0,0.0,0.0,6.0,4.0,3.0,129
0.0,0.0,0.0,29.0,0.0,0.0,1.0,0.0,1.0,1.0,0.0,0.0,1.0,2.0,10.0,0.0,0.0,0.0,9.0,5.0,2.0,130
0.0,0.0,1.0,24.0,1.0,0.0,0.0,1.0,1.0,1.0,1.0,1.0,0.0,1.0,0.0,0.0,0.0,0.0,11.0,6.0,7.0,131
0.0,0.0,1.0,23.0,0.0,0.0,0.0,1.0,1.0,1.0,0.0,1.0,0.0,2.0,0.0,0.0,0.0,0.0,6.0,6.0,8.0,132
1.0,0.0,1.0,26.0,1.0,0.0,0.0,1.0,0.0,1.0,0.0,1.0,0.0,3.0,25.0,0.0,0.0,1.0,10.0,5.0,3.0,133
0.0,0.0,1.0,27.0,1.0,0.0,0.0,1.0,1.0,1.0,0.0,1.0,0.0,1.0,0.0,5.0,0.0,1.0,2.0,5.0,8.0,134
1.0,1.0,1.0,43.0,0.0,0.0,0.0,0.0,0.0,0.0,0.0,1.0,0.0,2.0,0.0,0.0,1.0,0.0,10.0,4.0,5.0,135
1.0,1.0,1.0,29.0,0.0,0.0,0.0,1.0,0.0,1.0,0.0,1.0,0.0,2.0,15.0,0.0,0.0,0.0,11.0,6.0,6.0,136
0.0,1.0,1.0,27.0,0.0,0.0,0.0,1.0,1.0,1.0,0.0,1.0,1.0,2.0,2.0,1.0,0.0,0.0,7.0,6.0,8.0,137
0.0,1.0,1.0,31.0,0.0,0.0,0.0,1.0,1.0,1.0,0.0,1.0,0.0,2.0,1.0,1.0,0.0,1.0,6.0,4.0,6.0,138
0.0,0.0,1.0,25.0,0.0,0.0,0.0,1.0,1.0,1.0,0.0,1.0,0.0,2.0,0.0,0.0,0.0,0.0,6.0,6.0,8.0,139
0.0,0.0,1.0,22.0,0.0,0.0,0.0,1.0,1.0,1.0,0.0,1.0,0.0,1.0,0.0,3.0,0.0,0.0,1.0,6.0,8.0,140
0.0,0.0,1.0,27.0,0.0,0.0,0.0,1.0,1.0,1.0,0.0,1.0,0.0,1.0,0.0,2.0,0.0,0.0,6.0,6.0,8.0,141
0.0,0.0,1.0,28.0,0.0,0.0,0.0,1.0,0.0,0.0,0.0,1.0,0.0,3.0,0.0,0.0,0.0,0.0,2.0,5.0,7.0,142
0.0,0.0,1.0,35.0,1.0,0.0,0.0,0.0,1.0,1.0,0.0,1.0,0.0,4.0,7.0,2.0,0.0,0.0,4.0,5.0,8.0,143
1.0,1.0,1.0,33.0,0.0,0.0,0.0,1.0,0.0,1.0,0.0,1.0,0.0,2.0,0.0,0.0,1.0,1.0,10.0,6.0,8.0,144
0.0,0.0,1.0,20.0,0.0,0.0,0.0,1.0,1.0,1.0,0.0,1.0,0.0,1.0,0.0,7.0,0.0,0.0,6.0,6.0,8.0,145
0.0,0.0,1.0,20.0,0.0,0.0,0.0,1.0,1.0,1.0,1.0,1.0,0.0,1.0,0.0,0.0,0.0,0.0,7.0,6.0,8.0,146
0.0,1.0,1.0,25.0,0.0,0.0,0.0,1.0,1.0,1.0,0.0,1.0,0.0,2.0,0.0,0.0,0.0,0.0,11.0,5.0,6.0,147
0.0,1.0,1.0,38.0,1.0,0.0,0.0,1.0,0.0,1.0,0.0,1.0,0.0,4.0,0.0,15.0,1.0,0.0,8.0,4.0,4.0,148
1.0,0.0,1.0,31.0,0.0,0.0,0.0,1.0,0.0,0.0,0.0,1.0,0.0,1.0,0.0,0.0,0.0,1.0,3.0,5.0,7.0,149
0.0,0.0,1.0,40.0,0.0,0.0,0.0,0.0,1.0,1.0,0.0,1.0,0.0,1.0,20.0,0.0,0.0,0.0,2.0,6.0,8.0,150
0.0,0.0,1.0,25.0,0.0,0.0,0.0,1.0,1.0,1.0,0.0,1.0,0.0,1.0,0.0,2.0,0.0,1.0,7.0,6.0,8.0,151
0.0,0.0,1.0,32.0,0.0,0.0,0.0,1.0,1.0,1.0,0.0,1.0,0.0,3.0,0.0,0.0,0.0,0.0,12.0,6.0,8.0,152
0.0,0.0,1.0,23.0,0.0,0.0,0.0,1.0,1.0,1.0,0.0,1.0,0.0,2.0,0.0,2.0,0.0,0.0,4.0,6.0,8.0,153
0.0,0.0,1.0,25.0,0.0,0.0,0.0,1.0,1.0,1.0,0.0,1.0,1.0,2.0,10.0,0.0,0.0,0.0,9.0,5.0,7.0,154
0.0,0.0,1.0,34.0,1.0,0.0,0.0,1.0,1.0,1.0,0.0,1.0,0.0,1.0,0.0,0.0,0.0,0.0,8.0,6.0,4.0,155
0.0,0.0,1.0,30.0,1.0,0.0,0.0,1.0,1.0,0.0,0.0,0.0,0.0,3.0,0.0,3.0,0.0,1.0,6.0,4.0,6.0,156
1.0,0.0,1.0,24.0,1.0,0.0,1.0,1.0,0.0,1.0,0.0,1.0,0.0,4.0,0.0,30.0,1.0,1.0,12.0,5.0,4.0,157
0.0,0.0,1.0,22.0,0.0,0.0,0.0,0.0,0.0,1.0,0.0,1.0,0.0,2.0,0.0,0.0,0.0,1.0,8.0,4.0,6.0,158
1.0,0.0,1.0,25.0,1.0,0.0,0.0,1.0,0.0,1.0,0.0,1.0,0.0,3.0,0.0,0.0,0.0,0.0,12.0,6.0,8.0,159
1.0,1.0,1.0,28.0,1.0,0.0,1.0,1.0,1.0,1.0,0.0,1.0,0.0,5.0,0.0,0.0,1.0,0.0,13.0,6.0,6.0,160
0.0,0.0,1.0,28.0,0.0,0.0,1.0,1.0,0.0,1.0,0.0,1.0,0.0,3.0,0.0,0.0,0.0,0.0,4.0,6.0,7.0,161
0.0,1.0,1.0,28.0,0.0,0.0,0.0,1.0,1.0,1.0,0.0,1.0,0.0,3.0,0.0,0.0,0.0,0.0,8.0,5.0,7.0,162
1.0,1.0,1.0,34.0,1.0,0.0,0.0,0.0,1.0,1.0,0.0,0.0,1.0,4.0,0.0,0.0,1.0,1.0,9.0,2.0,3.0,163
1.0,1.0,1.0,30.0,1.0,0.0,0.0,1.0,1.0,1.0,0.0,1.0,0.0,4.0,0.0,15.0,1.0,0.0,5.0,5.0,5.0,164
0.0,0.0,0.0,28.0,0.0,0.0,0.0,1.0,1.0,0.0,0.0,1.0,0.0,2.0,0.0,0.0,0.0,1.0,9.0,6.0,6.0,165
1.0,0.0,1.0,26.0,0.0,0.0,0.0,1.0,0.0,0.0,0.0,1.0,0.0,3.0,0.0,0.0,0.0,0.0,9.0,4.0,3.0,166
0.0,0.0,1.0,27.0,1.0,0.0,0.0,1.0,0.0,1.0,0.0,1.0,0.0,2.0,0.0,0.0,0.0,1.0,6.0,6.0,8.0,167
1.0,0.0,1.0,28.0,0.0,0.0,0.0,1.0,1.0,1.0,0.0,1.0,0.0,2.0,10.0,0.0,0.0,1.0,1.0,5.0,6.0,168
0.0,1.0,1.0,18.0,0.0,0.0,0.0,1.0,0.0,1.0,0.0,1.0,0.0,3.0,2.0,0.0,0.0,0.0,13.0,2.0,3.0,169
1.0,0.0,1.0,35.0,1.0,0.0,0.0,1.0,0.0,1.0,0.0,1.0,0.0,3.0,5.0,2.0,0.0,1.0,2.0,6.0,7.0,170
0.0,0.0,1.0,27.0,1.0,0.0,0.0,1.0,1.0,1.0,0.0,1.0,0.0,2.0,0.0,25.0,1.0,1.0,10.0,5.0,4.0,171
0.0,0.0,1.0,35.0,1.0,0.0,0.0,0.0,1.0,1.0,0.0,1.0,0.0,1.0,0.0,0.0,0.0,0.0,8.0,4.0,4.0,172
1.0,1.0,1.0,28.0,1.0,0.0,0.0,1.0,1.0,0.0,0.0,1.0,0.0,4.0,0.0,2.0,0.0,1.0,11.0,5.0,7.0,173
1.0,0.0,1.0,24.0,1.0,0.0,0.0,0.0,1.0,1.0,0.0,1.0,0.0,2.0,0.0,0.0,0.0,0.0,13.0,4.0,2.0,174
0.0,0.0,1.0,19.0,1.0,0.0,0.0,1.0,0.0,1.0,0.0,1.0,0.0,3.0,4.0,0.0,0.0,0.0,9.0,6.0,5.0,175
1.0,1.0,1.0,36.0,1.0,0.0,0.0,1.0,0.0,0.0,0.0,1.0,0.0,5.0,30.0,30.0,1.0,0.0,11.0,4.0,6.0,176
0.0,0.0,1.0,42.0,1.0,0.0,0.0,0.0,0.0,1.0,0.0,1.0,1.0,4.0,4.0,0.0,0.0,0.0,6.0,6.0,6.0,177
0.0,0.0,0.0,20.0,1.0,0.0,0.0,0.0,0.0,0.0,1.0,1.0,0.0,3.0,0.0,0.0,0.0,1.0,9.0,6.0,8.0,178
1.0,0.0,1.0,28.0,0.0,0.0,0.0,1.0,1.0,1.0,0.0,1.0,0.0,3.0,0.0,10.0,0.0,0.0,11.0,4.0,6.0,179
0.0,0.0,1.0,29.0,0.0,0.0,0.0,1.0,1.0,1.0,0.0,1.0,0.0,2.0,0.0,0.0,0.0,0.0,9.0,6.0,8.0,180
0.0,0.0,1.0,26.0,0.0,0.0,0.0,1.0,1.0,1.0,0.0,1.0,0.0,3.0,0.0,0.0,0.0,0.0,10.0,5.0,8.0,181
1.0,1.0,1.0,23.0,0.0,0.0,1.0,0.0,1.0,1.0,0.0,1.0,0.0,4.0,3.0,7.0,0.0,0.0,7.0,5.0,8.0,182
0.0,0.0,1.0,30.0,0.0,0.0,0.0,1.0,1.0,1.0,0.0,1.0,0.0,5.0,0.0,30.0,1.0,0.0,9.0,6.0,8.0,183
0.0,0.0,1.0,26.0,0.0,0.0,1.0,1.0,1.0,0.0,0.0,1.0,0.0,2.0,0.0,0.0,0.0,1.0,9.0,4.0,7.0,184
0.0,1.0,1.0,31.0,1.0,0.0,0.0,1.0,0.0,0.0,0.0,1.0,0.0,4.0,0.0,20.0,0.0,1.0,11.0,5.0,6.0,185
0.0,0.0,1.0,25.0,0.0,0.0,0.0,1.0,1.0,1.0,0.0,1.0,0.0,1.0,0.0,0.0,0.0,1.0,6.0,6.0,8.0,186
1.0,1.0,1.0,29.0,1.0,0.0,0.0,0.0,0.0,1.0,0.0,1.0,0.0,4.0,5.0,5.0,1.0,0.0,11.0,4.0,6.0,187
1.0,0.0,1.0,30.0,0.0,0.0,0.0,0.0,1.0,1.0,0.0,1.0,0.0,2.0,7.0,20.0,1.0,1.0,8.0,5.0,5.0,188
1.0,1.0,1.0,33.0,0.0,0.0,0.0,1.0,1.0,1.0,0.0,0.0,1.0,3.0,1.0,7.0,1.0,0.0,8.0,5.0,3.0,189
1.0,1.0,1.0,31.0,0.0,0.0,0.0,0.0,0.0,0.0,0.0,1.0,0.0,3.0,0.0,0.0,0.0,1.0,6.0,4.0,8.0,190
0.0,0.0,1.0,36.0,0.0,0.0,0.0,1.0,1.0,1.0,0.0,1.0,0.0,2.0,0.0,0.0,0.0,0.0,9.0,6.0,7.0,191
1.0,0.0,1.0,35.0,0.0,0.0,0.0,0.0,0.0,0.0,0.0,1.0,0.0,2.0,0.0,0.0,0.0,0.0,7.0,6.0,8.0,192
0.0,0.0,1.0,49.0,1.0,0.0,0.0,1.0,1.0,1.0,0.0,1.0,1.0,4.0,4.0,10.0,1.0,0.0,8.0,5.0,5.0,193
0.0,1.0,1.0,22.0,1.0,0.0,0.0,0.0,0.0,1.0,0.0,1.0,0.0,3.0,0.0,0.0,1.0,0.0,11.0,5.0,4.0,194
1.0,1.0,1.0,22.0,1.0,0.0,0.0,1.0,1.0,1.0,0.0,1.0,0.0,2.0,0.0,7.0,0.0,0.0,5.0,6.0,7.0,195
1.0,1.0,1.0,21.0,0.0,0.0,1.0,1.0,1.0,1.0,0.0,1.0,0.0,3.0,0.0,0.0,0.0,0.0,12.0,5.0,8.0,196
0.0,0.0,1.0,19.0,0.0,0.0,0.0,0.0,1.0,1.0,0.0,0.0,0.0,1.0,0.0,0.0,0.0,0.0,6.0,6.0,5.0,197
0.0,0.0,1.0,27.0,0.0,0.0,0.0,1.0,0.0,1.0,0.0,1.0,1.0,4.0,20.0,20.0,1.0,0.0,8.0,6.0,8.0,198
0.0,0.0,1.0,19.0,0.0,0.0,0.0,1.0,1.0,1.0,0.0,1.0,0.0,1.0,3.0,0.0,0.0,0.0,5.0,6.0,8.0,199
0.0,1.0,1.0,28.0,1.0,0.0,1.0,0.0,0.0,1.0,0.0,1.0,0.0,5.0,0.0,30.0,0.0,1.0,12.0,4.0,2.0,200
